...............................
...............................
...............................
...............................
...............................
...............................
S..............................
.......#.......................
...............................
.............#.................
...............................
....................TTTTTTTTTTT
..................#.TTTTTTTTTTT
....................TTTTTTTTTTT
....................TTTTTTTTTTT
....................TTTTTTTTTTT
....................TT#TTTTTTTT

(7,-1)
(13,-3)
(18,-6)
(22,-10)

[[1,2],[[3,4],5]]

[7,[17,5]]

7,61
{
'VF': 1, 'FH': 0, 'HK': 0, 'KK': 0, 'KO': 0, 'OK': 0, 'KC': 1, 'CP': 1, 'PB': 1, 
'BO': 0, 'ON': 0, 'NF': 1, 'HN': 3, 'NP': 1, 'PH': 2, 'HP': 1, 'PN': 0, 'VV': 1, 
'FC': 1, 'CH': 1, 'HB': 1, 'BK': 1, 'KS': 1, 'SK': 1, 'KP': 1, 'PO': 1, 'OC': 1, 
'CK': 1, 'CC': 1, 'PP': 2, 'BB': 1, 'BC': 1, 'CO': 1, 'OH': 1, 'FF': 1, 'NN': 1, 'HH': 2}
	 [[[[0,[4,5]],[0,0]],[[[4,5],[2,6]],[9,5]]],[7,[[[3,7],[4,3]],[[6,3],[8,8]]]]]
     (4,5)->
		 [[ [[4,0],[5,0]],[[[4,5],[2,6]],[9,5]]],[7,[[[3,7],[4,3]],[[6,3],[8,8]]]]]
     (4,5)->
         [[ [[4,0],[5,4]],[[0,[7,6]],[9,5]]],[7,[[[3,7],[4,3]],[[6,3],[8,8]]]]]
     (7,6)->
         [[[[4,0],[5,4]],[[7,0],[15,5]]],[7,[[[3,7],[4,3]],[[6,3],[8,8]]]]]
         
                                       1
         [[[[4,0],[5,4]],[[7,0],[15,5]]],[10,[[0,[11,3]],[[6,3],[8,8]]]]]
         
                                        1
         [ [[[4,0],[5,4]],[[7,0],[15,5]]],[10,[[0,[11,3]],[[6,3],[8,8]]]]]
         [ [[[4,0],[5,4]],[[7,0],[15,5]]],[10,[[11,0],[[9,3],[8,8]]]]]
         [ [[[4,0],[5,4]],[[7,0],[15,5]]],[10,[[11,9],[0,[11,8]]]]]
         [ [[[4,0],[5,4]],[[7,0],[15,5]]],[10,[[11,9],[11,0]]]]

         '[[[[4,0],[5,4]],[[7,0],[15,5]]],[10,[[0,[11,9]],[0,[11,8]]]]]'

'[[[[0,[4,5]],[0,0]],[[[4,5],[2,6]],[9,5]]],[7,[[[3,7],[4,3]],[[6,3],[8,8]]]]]'
'[[[[4,0],[5,0]],[[[4,5],[2,6]],[9,5]]],[7,[[[3,7],[4,3]],[[6,3],[8,8]]]]]'
 
 '[[[[4,0],[5,4]],[[7,0],[15,5]]],[10,[[0,[11,9]],[0,[11,8]]]]]'
 (3, '[[[[4,0],[5,4]],[[7,0],[[7,8],5]]],[10,[[0,[11,9]],[0,[11,8]]]]]')

 [[[[4,0],[5,4]],[[7,0],[15,5]]],[10,[[0,[11,9]],[0,[11,8]]]]]'



 '[[[[[6,6],[6,6]],[[6,0],[6,7]]],[[[7,7],[8,9]],[8,[8,1]]]],[2,9]]'
 '[[[[[6,6],[6,6]],[[6,0],[6,7]]],[[[7,7],[8,9]],[8,[8,1]]]],[2,9]]'

  [[[[0,[12,6]],[[6,0],[6,7]]],[[[7,7],[8,9]],[8,[8,1]]]],[2,9]]
 '[[[[0,[12,6]],[[6,0],[6,7]]],[[[7,7],[8,9]],[8,[8,1]]]],[2,9]]'
 
  [[[[12,0],[[12,0],[6,7]]],[[[7,7],[8,9]],[8,[8,1]]]],[2,9]]
 '[[[[12,0],[[12,0],[6,7]]],[[[7,7],[8,9]],[8,[8,1]]]],[2,9]]'

  [[[[12,12],[0,[6,7]]],[[[7,7],[8,9]],[8,[8,1]]]],[2,9]]
 '[[[[12,12],[0,[6,7]]],[[[7,7],[8,9]],[8,[8,1]]]],[2,9]]'

  [[[[12,12],[6,0]],[[[14,7],[8,9]],[8,[8,1]]]],[2,9]]
 '[[[[12,12],[6,0]],[[[14,7],[8,9]],[8,[8,1]]]],[2,9]]'
 
  [[[[12,12],[6,14]],[[0,[15,9]],[8,[8,1]]]],[2,9]]
 '[[[[12,12],[6,14]],[[0,[15,9]],[8,[8,1]]]],[2,9]]'
 
  [[[[12,12],[6,14]],[[15,0],[17,[8,1]]]],[2,9]]
 '[[[[12,12],[6,14]],[[15,0],[17,[8,1]]]],[2,9]]'
 



  [[[[12,12],[6,14]],[[15,0],[25,0]]],[3,9]]
 '[[[[12,12],[6,14]],[[15,0],[115,0]]],[3,9]]'
 
  [[[[12,12],[6,14]],[[15,0],[25,0]]],[3,9]]
  [[[[[6,6],12],[6,14]],[[15,0],[25,0]]],[3,9]]
  


[[[[0,[12,6]],[6,[7,7]]],[[[7,8],0],[[[6,6],[6,7]],0]]],[3,9]]
[[[[12,0],[12,[7,7]]],[[[7,8],0],[[[6,6],[6,7]],0]]],[3,9]]
[[[[12,0],[19,0]],[[[14,8],0],[[[6,6],[6,7]],0]]],[3,9]]
[[[[12,0],[19,14]],[[0,8],[[[6,6],[6,7]],0]]],[3,9]]
[[[[12,0],[19,14]],[[0,14],[[0,[12,7]],0]]],[3,9]]
[[[[12,0],[19,14]],[[0,14],[[12,0],7]]],[3,9]]
[[[[12,0],[19,14]],[[0,26],[0,7]]],[3,9]]
  
[[[[[6,6],0],[19,14]],[[0,26],[0,7]]],[3,9]]
[[[[0,6],[19,14]],[[0,26],[0,7]]],[3,9]]
[[[[0,6],[[10,9],14]],[[0,26],[0,7]]],[3,9]]
[[[[0,16],[0,23]],[[0,26],[0,7]]],[3,9]]
[[[[0,[8,8]],[0,23]],[[0,26],[0,7]]],[3,9]]
[[[[8,0],[8,23]],[[0,26],[0,7]]],[3,9]]
[[[[8,0],[8,[11,12]]],[[0,26],[0,7]]],[3,9]]
[[[[8,0],[19,0]],[[12,26],[0,7]]],[3,9]]
[[[[8,0],[[9,10],0]],[[12,26],[0,7]]],[3,9]]
[[[[8,9],[0,10]],[[12,26],[0,7]]],[3,9]]
[[[[8,9],[0,[5,5]]],[[12,26],[0,7]]],[3,9]]
[[[[8,9],[5,0]],[[17,26],[0,7]]],[3,9]]
[[[[8,9],[5,0]],[[[8,9],26],[0,7]]],[3,9]]
[[[[8,9],[5,8]],[[0,35],[0,7]]],[3,9]]
[[[[8,9],[5,8]],[[0,[17,18]],[0,7]]],[3,9]]
[[[[8,9],[5,8]],[[17,0],[18,7]]],[3,9]]
[[[[8,9],[5,8]],[[[8,9],0],[18,7]]],[3,9]]
[[[[8,9],[5,16]],[[0,9],[18,7]]],[3,9]]
[[[[8,9],[5,[8,9]]],[[0,9],[18,7]]],[3,9]]
[[[[8,9],[13,0]],[[9,9],[18,7]]],[3,9]]
[[[[8,9],[[6,7],0]],[[9,9],[18,7]]],[3,9]]
[[[[8,15],[0,7]],[[9,9],[18,7]]],[3,9]]
[[[[8,[7,8]],[0,7]],[[9,9],[18,7]]],[3,9]]
[[[[15,0],[8,7]],[[9,9],[18,7]]],[3,9]]
[[[[[7,8],0],[8,7]],[[9,9],[18,7]]],[3,9]]
[[[[0,8],[8,7]],[[9,9],[18,7]]],[3,9]]
[[[[0,8],[8,7]],[[9,9],[[9,9],7]]],[3,9]]
[[[[0,8],[8,7]],[[9,18],[0,16]]],[3,9]]
[[[[0,8],[8,7]],[[9,[9,9]],[0,16]]],[3,9]]
[[[[0,8],[8,7]],[[18,0],[9,16]]],[3,9]]
[[[[0,8],[8,7]],[[[9,9],0],[9,16]]],[3,9]]
[[[[0,8],[8,16]],[[0,9],[9,16]]],[3,9]]
[[[[0,8],[8,[8,8]]],[[0,9],[9,16]]],[3,9]]
[[[[0,8],[16,0]],[[8,9],[9,16]]],[3,9]]
[[[[0,8],[[8,8],0]],[[8,9],[9,16]]],[3,9]]
[[[[0,16],[0,8]],[[8,9],[9,16]]],[3,9]]
[[[[0,[8,8]],[0,8]],[[8,9],[9,16]]],[3,9]]
[[[[8,0],[8,8]],[[8,9],[9,16]]],[3,9]]
[[[[8,0],[8,8]],[[8,9],[9,[8,8]]]],[3,9]]
[[[[8,0],[8,8]],[[8,9],[17,0]]],[11,9]]
[[[[8,0],[8,8]],[[8,9],[[8,9],0]]],[11,9]]
[[[[8,0],[8,8]],[[8,17],[0,9]]],[11,9]]
[[[[8,0],[8,8]],[[8,[8,9]],[0,9]]],[11,9]]
[[[[8,0],[8,8]],[[16,0],[9,9]]],[11,9]]
[[[[8,0],[8,8]],[[[8,8],0],[9,9]]],[11,9]]
[[[[8,0],[8,16]],[[0,8],[9,9]]],[11,9]]
[[[[8,0],[8,[8,8]]],[[0,8],[9,9]]],[11,9]]
[[[[8,0],[16,0]],[[8,8],[9,9]]],[11,9]]
[[[[8,0],[[8,8],0]],[[8,8],[9,9]]],[11,9]]
[[[[8,8],[0,8]],[[8,8],[9,9]]],[11,9]]
[[[[8,8],[0,8]],[[8,8],[9,9]]],[[5,6],9]]


RESULTADO  = [[[[6,6],[7,7]],[[0,7],[7,7]]],[[[5,5],[5,6]],9]]


[[[[6,6],[7,6]],[[7,7],[7,0]]],[[[7,7],[7,7]],[[7,8],[9,9]]]]
Calculo magnitud:

[[1,2],[[3,4],5]]
[7,[17,5]]
[7,61]

21+61*2=122*21=143

17*3+10  61